SN   BLOCK NITROGEN THATCH CHLOROPHYL
1      1        1      1        3.8
2      1        1      2        5.3
3      1        1      3        5.9
4      1        2      1        5.2
5      1        2      2        5.6
6      1        2      3        5.4
7      1        3      1        6.0
8      1        3      2        5.6
9      1        3      3        7.8
10     1        4      1        6.8
11     1        4      2        8.6
12     1        4      3        8.5
13     2        1      1        3.9
14     2        1      2        5.4
15     2        1      3        4.3
16     2        2      1        6.0
17     2        2      2        6.1
18     2        2      3        6.2
19     2        3      1        7.0
20     2        3      2        6.4
21     2        3      3        7.8
22     2        4      1        7.9
23     2        4      2        8.6
24     2        4      3        8.4

