SN   METHOD BLOCK WEIGHT
1       1     1    450
2       1     2    469
3       1     3    249
4       1     4    125
5       1     5    280
6       1     6    352
7       1     7    221
8       1     8    251
9       2     1    358
10      2     2    512
11      2     3    281
12      2     4     58
13      2     5    352
14      2     6    293
15      2     7    283
16      2     8    186
17      3     1    331
18      3     2    402
19      3     3    183
20      3     4     70
21      3     5    258
22      3     6    281
23      3     7    219
24      3     8     46
25      4     1    317
26      4     2    423
27      4     3    379
28      4     4     63
29      4     5    289
30      4     6    239
31      4     7    269
32      4     8    357
33      5     1    479
34      5     2    341
35      5     3    404
36      5     4    115
37      5     5    182
38      5     6    349
39      5     7    276
40      5     8    182
41      6     1    245
42      6     2    380
43      6     3    263
44      6     4     62
45      6     5    336
46      6     6    282
47      6     7    171
48      6     8     98
