SN   ROW COLUMN RATE_LEVEL RATE YIELD
1    1      1          5  230 59.45
2    1      2          1   30 47.28
3    1      3          3  130 54.44
4    1      4          2   80 50.14
5    1      5          4  180 59.45
6    2      1          3  130 55.16
7    2      2          4  180 60.89
8    2      3          2   80 56.59
9    2      4          5  230 60.17
10   2      5          1   30 48.71
11   3      1          2   80 44.41
12   3      2          3  130 53.72
13   3      3          4  180 55.87
14   3      4          1   30 47.99
15   3      5          5  230 59.45
16   4      1          1   30 42.26
17   4      2          2   80 50.14
18   4      3          5  230 55.87
19   4      4          4  180 58.74
20   4      5          3  130 55.87
21   5      1          4  180 60.89
22   5      2          5  230 59.45
23   5      3          1   30 49.43
24   5      4          3  130 59.45
25   5      5          2   80 57.31
