SN   N_LEVEL NITROGEN LETTUCE
1        1        0     104
2        1        0     114
3        1        0      90
4        1        0     140
5        2       50     134
6        2       50     130
7        2       50     144
8        2       50     174
9        3      100     146
10       3      100     142
11       3      100     152
12       3      100     156
13       4      150     147
14       4      150     160
15       4      150     160
16       4      150     163
17       5      200     131
18       5      200     148
19       5      200     154
20       5      200     163
