SN   TEMP_LEVEL TEMPERATURE HOURS
1           1        1520  1953
2           1        1520  2135
3           1        1520  2471
4           1        1520  4727
5           1        1520  6134
6           1        1520  6314
7           2        1620  1190
8           2        1620  1286
9           2        1620  1550
10          2        1620  2125
11          2        1620  2557
12          2        1620  2845
13          3        1660   651
14          3        1660   837
15          3        1660   848
16          3        1660  1038
17          3        1660  1361
18          3        1660  1543
19          4        1708   511
20          4        1708   651
21          4        1708   651
22          4        1708   652
23          4        1708   688
24          4        1708   729
